0 0 0
1 0 0
2 0 0
3 0 0
1 1.40 300
2 1.87 300
1 2.32 300
2 2.72 300
1 3.20 300
2 3.68 300
1 4.00 300
2 4.53 300
1 5.04 300
2 5.51 300
1 6.00 300
0 6.40 300
3 6.60 300
1 6.82 300
2 7.00 300
0 7.18 300
1 7.65 300
2 8.12 300
1 8.70 300
2 9.14 300
1 9.60 300
2 10.00 300
0 10.43 300
3 10.66 300
1 10.90 300
2 11.28 300
1 11.80 300
2 12.25 300
1 13.16 300
1 13.50 300
1 13.84 300
2 14.07 300
2 14.45 300
2 14.75 300
0 15.68 300
2 17.74 300
3 17.97 300
0 18.61 300
1 19.30 300
0 19.73 300
2 20.46 300
2 20.91 300
2 22.04 300
2 22.28 300
3 22.52 300
2 23.18 300
2 23.87 300
2 24.09 300
2 24.77 300
2 25.00 300
2 25.20 300
